-2.02231e-07 -4.56116e-14 -1.02222e-06 1.66171e-07 -1.02226e-06 -1.66177e-07 -6.25262e-07 -7.25873e-14 0.629463 0.025 0
-2.16153e-07 -5.21858e-15 -7.51328e-07 4.05889e-07 -7.51328e-07 -4.05889e-07 -6.37565e-07 -6.58527e-15 0.629463 0.075 0
-2.31754e-07 3.25959e-20 -4.48699e-07 5.13359e-07 -4.48698e-07 -5.13359e-07 -6.50386e-07 -2.49972e-15 0.629463 0.125 0
-2.48523e-07 7.66851e-16 -1.66687e-07 5.0066e-07 -1.66687e-07 -5.0066e-07 -6.63253e-07 1.43652e-14 0.629463 0.175 0
-2.66178e-07 -1.55674e-14 5.83202e-08 3.95118e-07 5.83202e-08 -3.95118e-07 -6.75992e-07 -4.55088e-14 0.629463 0.225 0
-2.84481e-07 -6.2818e-15 2.07042e-07 2.3116e-07 2.07042e-07 -2.3116e-07 -6.8847e-07 -3.17054e-15 0.629463 0.275 0
-3.03203e-07 -1.92159e-14 2.74976e-07 4.26938e-08 2.74976e-07 -4.26938e-08 -7.00648e-07 -2.9848e-13 0.629463 0.325 0
-3.22151e-07 1.44849e-13 2.69276e-07 -1.4179e-07 2.69276e-07 1.4179e-07 -7.12475e-07 -2.16078e-13 0.629463 0.375 0
-3.41097e-07 5.76588e-14 2.04207e-07 -3.01728e-07 2.04207e-07 3.01728e-07 -7.23933e-07 -2.17977e-13 0.629463 0.425 0
-3.59818e-07 -4.92767e-14 9.7018e-08 -4.24869e-07 9.70178e-08 4.24869e-07 -7.34974e-07 -1.3502e-13 0.629463 0.475 0
-3.78123e-07 8.16466e-14 -3.51814e-08 -5.06152e-07 -3.51815e-08 5.06152e-07 -7.45601e-07 -1.12721e-13 0.629463 0.525 0
-3.95787e-07 4.27985e-14 -1.77375e-07 -5.46003e-07 -1.77375e-07 5.46003e-07 -7.5579e-07 -9.62371e-14 0.629463 0.575 0
-4.12566e-07 -4.50411e-14 -3.17665e-07 -5.48466e-07 -3.17656e-07 5.4846e-07 -7.65506e-07 -8.30642e-14 0.629463 0.625 0
-4.28295e-07 3.51128e-14 -4.47314e-07 -5.19546e-07 -4.47305e-07 5.19542e-07 -7.74757e-07 -7.27973e-14 0.629463 0.675 0
-4.42794e-07 3.4598e-14 -5.60611e-07 -4.66047e-07 -5.60601e-07 4.66044e-07 -7.835e-07 -6.41983e-14 0.629463 0.725 0
-4.55729e-07 -6.62496e-17 -6.54203e-07 -3.94803e-07 -6.54202e-07 3.94803e-07 -7.91786e-07 -5.69909e-14 0.629463 0.775 0
-4.66984e-07 7.70477e-15 -7.26751e-07 -3.11935e-07 -7.2674e-07 3.11934e-07 -7.99518e-07 -5.18304e-14 0.629463 0.825 0
-4.76321e-07 6.15378e-14 -7.78232e-07 -2.2284e-07 -7.78232e-07 2.2284e-07 -8.06707e-07 -2.05206e-14 0.629463 0.875 0
-4.83553e-07 1.79569e-14 -8.09539e-07 -1.32004e-07 -8.09539e-07 1.32004e-07 -8.13312e-07 1.46122e-14 0.629463 0.925 0
-4.88504e-07 9.99195e-15 -8.22179e-07 -4.29414e-08 -8.22179e-07 4.29413e-08 -8.19303e-07 9.319e-13 0.629463 0.975 0
-2.26614e-07 -2.17066e-16 -1.16181e-06 1.7947e-07 -1.16181e-06 -1.79452e-07 -5.41302e-07 -3.24589e-14 0.997631 0.025 0
-2.43555e-07 1.14199e-19 -8.52937e-07 4.31385e-07 -8.52936e-07 -4.31386e-07 -5.56313e-07 4.43402e-15 0.997631 0.075 0
-2.62259e-07 7.61275e-16 -5.23113e-07 5.38424e-07 -5.23114e-07 -5.38423e-07 -5.71687e-07 -2.40252e-14 0.997631 0.125 0
-2.82043e-07 -4.48032e-14 -2.25624e-07 5.20292e-07 -2.25624e-07 -5.20292e-07 -5.86849e-07 9.33637e-15 0.997631 0.175 0
-3.02555e-07 -1.9885e-16 5.82169e-09 4.09928e-07 5.82155e-09 -4.09927e-07 -6.0153e-07 -2.19539e-13 0.997631 0.225 0
-3.23522e-07 8.49966e-14 1.55335e-07 2.44657e-07 1.55335e-07 -2.44657e-07 -6.15677e-07 -1.36235e-13 0.997631 0.275 0
-3.4471e-07 4.91262e-14 2.22067e-07 5.9307e-08 2.22067e-07 -5.9307e-08 -6.29225e-07 -9.65329e-14 0.997631 0.325 0
-3.65867e-07 2.83657e-14 2.16026e-07 -1.18262e-07 2.16026e-07 1.18262e-07 -6.42178e-07 -1.30665e-13 0.997631 0.375 0
-3.86792e-07 -1.47653e-13 1.53262e-07 -2.68983e-07 1.53262e-07 2.68983e-07 -6.54462e-07 -5.58087e-14 0.997631 0.425 0
-4.07179e-07 -4.97182e-16 5.17996e-08 -3.8233e-07 5.17995e-08 3.82329e-07 -6.66121e-07 -4.45015e-14 0.997631 0.475 0
-4.2685e-07 1.49182e-14 -7.13205e-08 -4.5483e-07 -7.13205e-08 4.5483e-07 -6.77146e-07 -2.60323e-14 0.997631 0.525 0
-4.45574e-07 3.91457e-15 -2.01699e-07 -4.8809e-07 -2.01699e-07 4.8809e-07 -6.87527e-07 -7.8364e-14 0.997631 0.575 0
-4.63135e-07 -3.39956e-14 -3.28311e-07 -4.86917e-07 -3.28305e-07 4.86916e-07 -6.97269e-07 -2.62599e-14 0.997631 0.625 0
-4.79305e-07 -9.87312e-15 -4.4337e-07 -4.57669e-07 -4.43369e-07 4.5767e-07 -7.06379e-07 -1.13354e-13 0.997631 0.675 0
-4.93882e-07 -1.76926e-14 -5.42081e-07 -4.07158e-07 -5.42081e-07 4.07158e-07 -7.14845e-07 -6.58397e-14 0.997631 0.725 0
-5.06632e-07 1.18537e-14 -6.21889e-07 -3.41905e-07 -6.21889e-07 3.41905e-07 -7.22694e-07 -1.75967e-14 0.997631 0.775 0
-5.17362e-07 2.10285e-15 -6.82013e-07 -2.67713e-07 -6.82013e-07 2.67713e-07 -7.29879e-07 3.12996e-14 0.997631 0.825 0
-5.25884e-07 -2.62655e-14 -7.22881e-07 -1.8946e-07 -7.22881e-07 1.8946e-07 -7.36404e-07 -2.62798e-14 0.997631 0.875 0
-5.31996e-07 -1.0724e-15 -7.45686e-07 -1.11161e-07 -7.45665e-07 1.11161e-07 -7.42247e-07 5.64608e-14 0.997631 0.925 0
-5.35528e-07 9.2367e-15 -7.52055e-07 -3.57968e-08 -7.52055e-07 3.57968e-08 -7.47374e-07 -1.10992e-14 0.997631 0.975 0
-2.30739e-07 -6.04644e-16 -1.21233e-06 1.77304e-07 -1.21233e-06 -1.77306e-07 -4.12688e-07 -1.10906e-14 1.58114 0.025 0
-2.50362e-07 2.10248e-15 -8.83339e-07 4.16368e-07 -8.8334e-07 -4.16367e-07 -4.30121e-07 -1.03072e-15 1.58114 0.075 0
-2.71234e-07 -6.71241e-16 -5.53249e-07 5.1053e-07 -5.53249e-07 -5.1053e-07 -4.47232e-07 -3.23991e-15 1.58114 0.125 0
-2.92649e-07 5.32274e-15 -2.67696e-07 4.87437e-07 -2.67696e-07 -4.87437e-07 -4.63468e-07 -1.23369e-13 1.58114 0.175 0
-3.14307e-07 9.55142e-16 -5.23628e-08 3.82932e-07 -5.23629e-08 -3.82932e-07 -4.7873e-07 -5.81988e-14 1.58114 0.225 0
-3.3597e-07 2.17828e-15 8.32959e-08 2.33429e-07 8.32959e-08 -2.33429e-07 -4.92999e-07 -8.24225e-14 1.58114 0.275 0
-3.5742e-07 -7.3973e-15 1.4274e-07 7.07163e-08 1.4274e-07 -7.07163e-08 -5.06309e-07 -3.18331e-14 1.58114 0.325 0
-3.78442e-07 1.28899e-14 1.37965e-07 -8.12381e-08 1.37965e-07 8.12381e-08 -5.18681e-07 -2.30623e-14 1.58114 0.375 0
-3.98819e-07 8.20064e-17 8.50933e-08 -2.07064e-07 8.50933e-08 2.07064e-07 -5.30141e-07 -1.74237e-14 1.58114 0.425 0
-4.18349e-07 -1.14418e-16 8.92907e-10 -2.99163e-07 8.9289e-10 2.99163e-07 -5.40734e-07 -1.37615e-14 1.58114 0.475 0
-4.36837e-07 5.52276e-15 -9.95977e-08 -3.55972e-07 -9.95977e-08 3.55972e-07 -5.50505e-07 1.42472e-14 1.58114 0.525 0
-4.54079e-07 8.02699e-15 -2.04185e-07 -3.80044e-07 -2.04184e-07 3.80045e-07 -5.59477e-07 -9.25042e-15 1.58114 0.575 0
-4.69883e-07 1.99564e-16 -3.03935e-07 -3.76268e-07 -3.03935e-07 3.76268e-07 -5.67676e-07 3.59793e-13 1.58114 0.625 0
-4.84071e-07 3.46423e-13 -3.9285e-07 -3.50584e-07 -3.9285e-07 3.50584e-07 -5.7515e-07 -6.75941e-15 1.58114 0.675 0
-4.9647e-07 -1.06643e-17 -4.67491e-07 -3.08905e-07 -4.67491e-07 3.08905e-07 -5.81896e-07 -5.87203e-15 1.58114 0.725 0
-5.069e-07 1.77395e-14 -5.26257e-07 -2.56812e-07 -5.26257e-07 2.56812e-07 -5.87949e-07 -5.18896e-15 1.58114 0.775 0
-5.15204e-07 1.9325e-15 -5.68971e-07 -1.98979e-07 -5.68971e-07 1.98979e-07 -5.93301e-07 -4.83391e-14 1.58114 0.825 0
-5.21227e-07 5.86509e-16 -5.96336e-07 -1.39293e-07 -5.96336e-07 1.39293e-07 -5.97962e-07 -4.10183e-15 1.58114 0.875 0
-5.24833e-07 1.00045e-15 -6.0961e-07 -8.07668e-08 -6.0961e-07 8.07668e-08 -6.01928e-07 -3.65435e-15 1.58114 0.925 0
-5.25879e-07 1.35451e-14 -6.10315e-07 -2.57334e-08 -6.10315e-07 2.57334e-08 -6.05148e-07 -3.2522e-15 1.58114 0.975 0
-2.09204e-07 -4.16883e-15 -1.13899e-06 1.57893e-07 -1.13901e-06 -1.57884e-07 -2.75514e-07 -8.15981e-15 2.50594 0.025 0
-2.3039e-07 -5.34157e-16 -8.16177e-07 3.58698e-07 -8.16177e-07 -3.58697e-07 -2.94316e-07 -1.18739e-14 2.50594 0.075 0
-2.51415e-07 1.36361e-14 -5.17416e-07 4.29472e-07 -5.17416e-07 -4.29472e-07 -3.11472e-07 -9.47127e-17 2.50594 0.125 0
-2.71966e-07 -4.51457e-16 -2.71772e-07 4.03392e-07 -2.71772e-07 -4.03392e-07 -3.26904e-07 -4.34567e-14 2.50594 0.175 0
-2.91987e-07 -4.11194e-14 -9.33281e-08 3.14795e-07 -9.33282e-08 -3.14795e-07 -3.40784e-07 -2.37354e-14 2.50594 0.225 0
-3.11377e-07 -1.73616e-15 1.59922e-08 1.94984e-07 1.59922e-08 -1.94984e-07 -3.53263e-07 -1.45565e-14 2.50594 0.275 0
-3.30035e-07 7.14465e-17 6.31686e-08 6.92461e-08 6.31686e-08 -6.92461e-08 -3.64486e-07 -9.7442e-15 2.50594 0.325 0
-3.47838e-07 -7.10466e-16 6.05081e-08 -4.46544e-08 6.05081e-08 4.46544e-08 -3.74549e-07 -6.94563e-15 2.50594 0.375 0
-3.64665e-07 5.61057e-15 2.22326e-08 -1.36274e-07 2.22325e-08 1.36274e-07 -3.83562e-07 -8.69487e-15 2.50594 0.425 0
-3.80372e-07 -5.90576e-15 -3.80203e-08 -2.01272e-07 -3.80203e-08 2.01272e-07 -3.91593e-07 -4.58361e-15 2.50594 0.475 0
-3.94854e-07 -1.44082e-15 -1.08686e-07 -2.39729e-07 -1.08687e-07 2.39729e-07 -3.98743e-07 -3.27237e-15 2.50594 0.525 0
-4.07966e-07 -8.13237e-15 -1.80848e-07 -2.54491e-07 -1.80848e-07 2.54491e-07 -4.0505e-07 -2.0285e-14 2.50594 0.575 0
-4.19627e-07 -7.14657e-16 -2.48296e-07 -2.49844e-07 -2.48296e-07 2.49844e-07 -4.10576e-07 -2.28789e-15 2.50594 0.625 0
-4.29687e-07 3.24539e-15 -3.07117e-07 -2.30494e-07 -3.07117e-07 2.30494e-07 -4.15385e-07 5.50914e-15 2.50594 0.675 0
-4.38037e-07 -9.98043e-16 -3.55247e-07 -2.00934e-07 -3.55247e-07 2.00934e-07 -4.19519e-07 9.44143e-15 2.50594 0.725 0
-4.44593e-07 -1.06717e-14 -3.91963e-07 -1.6515e-07 -3.91963e-07 1.6515e-07 -4.23014e-07 1.24519e-14 2.50594 0.775 0
-4.49239e-07 -1.24061e-14 -4.17425e-07 -1.26457e-07 -4.17425e-07 1.26457e-07 -4.25894e-07 -1.33685e-15 2.50594 0.825 0
-4.5189e-07 -1.2138e-16 -4.32412e-07 -8.7403e-08 -4.32412e-07 8.7403e-08 -4.28181e-07 5.85325e-15 2.50594 0.875 0
-4.5245e-07 -4.20676e-16 -4.37974e-07 -4.99918e-08 -4.37974e-07 4.99918e-08 -4.29878e-07 2.43255e-14 2.50594 0.925 0
-4.50876e-07 3.72771e-21 -4.35296e-07 -1.56595e-08 -4.35296e-07 1.56595e-08 -4.30955e-07 -3.91691e-14 2.50594 0.975 0
-1.66971e-07 8.80618e-16 -9.50351e-07 1.25278e-07 -9.50373e-07 -1.2528e-07 -1.61198e-07 2.52802e-15 3.97164 0.025 0
-1.87672e-07 5.87168e-15 -6.613e-07 2.72043e-07 -6.613e-07 -2.72043e-07 -1.79605e-07 -6.70062e-16 3.97164 0.075 0
-2.06149e-07 -5.42069e-15 -4.19322e-07 3.15446e-07 -4.19322e-07 -3.15445e-07 -1.94724e-07 -3.13402e-14 3.97164 0.125 0
-2.23024e-07 8.0372e-15 -2.32189e-07 2.89365e-07 -2.32189e-07 -2.89365e-07 -2.07406e-07 -1.37034e-14 3.97164 0.175 0
-2.38618e-07 4.70115e-16 -1.02197e-07 2.22513e-07 -1.02197e-07 -2.22513e-07 -2.18199e-07 -7.25758e-15 3.97164 0.225 0
-2.53074e-07 -2.77061e-15 -2.52062e-08 1.38201e-07 -2.52062e-08 -1.38201e-07 -2.27437e-07 -4.66712e-15 3.97164 0.275 0
-2.6645e-07 2.77749e-15 7.41817e-09 5.36084e-08 7.41816e-09 -5.36084e-08 -2.35359e-07 -2.88163e-15 3.97164 0.325 0
-2.78753e-07 1.10008e-16 6.44991e-09 -2.02368e-08 6.44991e-09 2.02368e-08 -2.4212e-07 -2.04489e-15 3.97164 0.375 0
-2.8998e-07 1.92633e-14 -1.72582e-08 -7.76101e-08 -1.72582e-08 7.76101e-08 -2.47858e-07 -1.52638e-15 3.97164 0.425 0
-3.00104e-07 1.68042e-14 -5.41299e-08 -1.16811e-07 -5.41299e-08 1.16811e-07 -2.52702e-07 -7.05189e-14 3.97164 0.475 0
-3.09088e-07 1.90264e-18 -9.65322e-08 -1.38824e-07 -9.65322e-08 1.38824e-07 -2.56752e-07 -9.52034e-16 3.97164 0.525 0
-3.169e-07 -4.73044e-16 -1.38912e-07 -1.46152e-07 -1.38912e-07 1.46152e-07 -2.60095e-07 -7.79601e-16 3.97164 0.575 0
-3.23486e-07 -1.16934e-17 -1.77602e-07 -1.41931e-07 -1.77602e-07 1.41931e-07 -2.62814e-07 -3.99205e-15 3.97164 0.625 0
-3.28809e-07 -9.50695e-15 -2.10479e-07 -1.29352e-07 -2.10479e-07 1.29352e-07 -2.64974e-07 -5.63023e-16 3.97164 0.675 0
-3.32812e-07 3.50566e-17 -2.36545e-07 -1.11316e-07 -2.36545e-07 1.11316e-07 -2.66634e-07 -5.30653e-15 3.97164 0.725 0
-3.3545e-07 -9.93208e-17 -2.55607e-07 -9.02627e-08 -2.55607e-07 9.02627e-08 -2.6784e-07 -3.13093e-15 3.97164 0.775 0
-3.36678e-07 -9.16301e-17 -2.67989e-07 -6.8102e-08 -2.67989e-07 6.8102e-08 -2.68631e-07 -5.32875e-14 3.97164 0.825 0
-3.36458e-07 7.70135e-15 -2.7427e-07 -4.63805e-08 -2.7427e-07 4.63805e-08 -2.69032e-07 -1.27954e-13 3.97164 0.875 0
-3.34764e-07 -6.70432e-18 -2.75206e-07 -2.60995e-08 -2.75206e-07 2.60995e-08 -2.69039e-07 7.92983e-14 3.97164 0.925 0
-3.31582e-07 -3.84405e-17 -2.71569e-07 -8.03718e-09 -2.71569e-07 8.03718e-09 -2.68642e-07 -2.66683e-16 3.97164 0.975 0
-4.90746e-07 8.62116e-15 -8.24132e-07 -3.31419e-14 -8.19083e-07 3.33358e-08 -8.19083e-07 -3.33359e-08 0.629463 1 0.02
-4.90904e-07 -6.30604e-15 -8.27967e-07 -3.01213e-14 -8.05984e-07 9.67643e-08 -8.05984e-07 -9.67644e-08 0.629463 1 0.06
-4.89174e-07 8.7129e-15 -8.31381e-07 -2.73598e-14 -7.84177e-07 1.55151e-07 -7.84175e-07 -1.55152e-07 0.629463 1 0.1
-4.85382e-07 1.07433e-14 -8.34416e-07 -2.84132e-14 -7.54574e-07 2.08068e-07 -7.54574e-07 -2.08068e-07 0.629463 1 0.14
-4.79405e-07 -3.19122e-14 -8.37111e-07 -3.60467e-13 -7.18035e-07 2.55086e-07 -7.18035e-07 -2.55086e-07 0.629463 1 0.18
-4.71091e-07 -7.68624e-15 -8.39525e-07 -1.92927e-14 -6.75349e-07 2.96035e-07 -6.75348e-07 -2.96036e-07 0.629463 1 0.22
-4.603e-07 -3.96692e-15 -8.41684e-07 -1.67112e-14 -6.27229e-07 3.30753e-07 -6.27228e-07 -3.30756e-07 0.629463 1 0.26
-4.4693e-07 4.70529e-15 -8.43601e-07 -1.62983e-14 -5.74306e-07 3.59254e-07 -5.74306e-07 -3.59254e-07 0.629463 1 0.3
-4.30835e-07 1.26282e-17 -8.45395e-07 -2.48094e-13 -5.17138e-07 3.81625e-07 -5.17138e-07 -3.81625e-07 0.629463 1 0.34
-4.11903e-07 -5.32956e-14 -8.47006e-07 -9.30415e-15 -4.56196e-07 3.9798e-07 -4.56196e-07 -3.9798e-07 0.629463 1 0.38
-3.89997e-07 -3.95049e-16 -8.48542e-07 3.707e-13 -3.91894e-07 4.08517e-07 -3.91894e-07 -4.08517e-07 0.629463 1 0.42
-3.64994e-07 2.00859e-15 -8.49916e-07 -4.21767e-15 -3.24564e-07 4.13459e-07 -3.24563e-07 -4.13456e-07 0.629463 1 0.46
-3.36768e-07 -1.37365e-15 -8.51221e-07 -1.70249e-15 -2.54498e-07 4.1305e-07 -2.54497e-07 -4.13051e-07 0.629463 1 0.5
-3.05214e-07 -4.98675e-15 -8.52461e-07 8.23596e-16 -1.8192e-07 4.07556e-07 -1.81918e-07 -4.07555e-07 0.629463 1 0.54
-2.70192e-07 -7.62076e-15 -8.53629e-07 -2.22664e-13 -1.07003e-07 3.97263e-07 -1.07001e-07 -3.97264e-07 0.629463 1 0.58
-2.31598e-07 -3.93968e-15 -8.54748e-07 5.86755e-15 -2.98809e-08 3.8245e-07 -2.98794e-08 -3.82449e-07 0.629463 1 0.62
-1.89286e-07 -3.93241e-16 -8.55809e-07 8.46132e-15 4.93576e-08 3.63416e-07 4.9359e-08 -3.63418e-07 0.629463 1 0.66
-1.43143e-07 8.4221e-16 -8.56862e-07 1.83329e-14 1.3065e-07 3.40429e-07 1.30651e-07 -3.4043e-07 0.629463 1 0.7
-9.3038e-08 3.8545e-21 -8.57845e-07 1.37397e-14 2.13983e-07 3.13753e-07 2.13985e-07 -3.13755e-07 0.629463 1 0.74
-3.88443e-08 -1.91761e-16 -8.58809e-07 1.53566e-14 2.99354e-07 2.83623e-07 2.99355e-07 -2.83622e-07 0.629463 1 0.78
-5.36328e-07 6.60508e-17 -7.51328e-07 -1.00503e-14 -7.45272e-07 2.75325e-08 -7.45272e-07 -2.75325e-08 0.997631 1 0.02
-5.35036e-07 7.9505e-15 -7.54302e-07 9.79547e-14 -7.30444e-07 7.91902e-08 -7.30423e-07 -7.91912e-08 0.997631 1 0.06
-5.31696e-07 -1.77545e-13 -7.56804e-07 -8.2332e-15 -7.0831e-07 1.25896e-07 -7.0831e-07 -1.25896e-07 0.997631 1 0.1
-5.26163e-07 -4.3456e-14 -7.5886e-07 -7.2461e-14 -6.79726e-07 1.67244e-07 -6.79726e-07 -1.67244e-07 0.997631 1 0.14
-5.18309e-07 2.88319e-16 -7.60534e-07 5.08989e-14 -6.45475e-07 2.03031e-07 -6.45475e-07 -2.03031e-07 0.997631 1 0.18
-5.08003e-07 7.91693e-15 -7.61895e-07 -3.33739e-12 -6.06266e-07 2.33189e-07 -6.06266e-07 -2.33189e-07 0.997631 1 0.22
-4.95133e-07 1.68479e-13 -7.6297e-07 -1.65554e-13 -5.62702e-07 2.57732e-07 -5.62702e-07 -2.57732e-07 0.997631 1 0.26
-4.79579e-07 -2.26535e-15 -7.63795e-07 -4.23899e-15 -5.15333e-07 2.76757e-07 -5.15333e-07 -2.76757e-07 0.997631 1 0.3
-4.61218e-07 1.35708e-15 -7.64418e-07 -2.65886e-14 -4.6463e-07 2.90436e-07 -4.6463e-07 -2.90436e-07 0.997631 1 0.34
-4.39962e-07 -2.45365e-14 -7.64868e-07 -5.50298e-14 -4.10956e-07 2.98991e-07 -4.10956e-07 -2.98991e-07 0.997631 1 0.38
-4.1568e-07 -7.96242e-15 -7.65195e-07 -1.98579e-15 -3.54638e-07 3.02671e-07 -3.54638e-07 -3.02671e-07 0.997631 1 0.42
-3.88269e-07 5.18918e-15 -7.65344e-07 -1.22998e-15 -2.95882e-07 3.01837e-07 -2.95882e-07 -3.01837e-07 0.997631 1 0.46
-3.57618e-07 1.6612e-15 -7.65425e-07 -1.02016e-14 -2.35046e-07 2.96555e-07 -2.35046e-07 -2.96555e-07 0.997631 1 0.5
-3.23638e-07 -2.49263e-15 -7.65408e-07 2.96343e-16 -1.72128e-07 2.874e-07 -1.72128e-07 -2.874e-07 0.997631 1 0.54
-2.86189e-07 -2.16084e-14 -7.65262e-07 1.06856e-15 -1.07293e-07 2.74625e-07 -1.07293e-07 -2.74625e-07 0.997631 1 0.58
-2.45181e-07 -4.32442e-16 -7.65094e-07 1.84614e-15 -4.05988e-08 2.58588e-07 -4.05988e-08 -2.58588e-07 0.997631 1 0.62
-2.00504e-07 -3.63685e-15 -7.64799e-07 2.61611e-15 2.79144e-08 2.39648e-07 2.79145e-08 -2.39648e-07 0.997631 1 0.66
-1.52016e-07 -2.9767e-15 -7.64414e-07 -1.063e-14 9.82411e-08 2.18187e-07 9.82411e-08 -2.18187e-07 0.997631 1 0.7
-9.96306e-08 1.27819e-15 -7.63959e-07 4.21182e-15 1.70409e-07 1.94587e-07 1.70409e-07 -1.94587e-07 0.997631 1 0.74
-4.32179e-08 6.54423e-21 -7.6344e-07 4.85692e-15 2.44468e-07 1.69254e-07 2.44468e-07 -1.69254e-07 0.997631 1 0.78
-5.24549e-07 -5.41731e-15 -6.07378e-07 1.10748e-14 -6.01566e-07 1.95548e-08 -6.01566e-07 -1.95548e-08 1.58114 1 0.02
-5.21429e-07 -1.83391e-13 -6.08801e-07 -2.66062e-15 -5.8731e-07 5.55694e-08 -5.8731e-07 -5.55694e-08 1.58114 1 0.06
-5.16409e-07 8.34939e-16 -6.09745e-07 8.82023e-14 -5.67754e-07 8.73206e-08 -5.67754e-07 -8.73206e-08 1.58114 1 0.1
-5.09276e-07 9.20416e-16 -6.10248e-07 -2.15276e-15 -5.43591e-07 1.14585e-07 -5.43591e-07 -1.14585e-07 1.58114 1 0.14
-5.00007e-07 1.03432e-15 -6.10381e-07 -1.91165e-15 -5.15416e-07 1.37309e-07 -5.15416e-07 -1.37309e-07 1.58114 1 0.18
-4.88477e-07 1.81592e-14 -6.10202e-07 -1.67652e-15 -4.83766e-07 1.55545e-07 -4.83766e-07 -1.55545e-07 1.58114 1 0.22
-4.74597e-07 -1.70604e-14 -6.09749e-07 -1.46222e-15 -4.49104e-07 1.69385e-07 -4.49104e-07 -1.69385e-07 1.58114 1 0.26
-4.58279e-07 1.87545e-14 -6.09079e-07 -1.23762e-15 -4.11808e-07 1.78987e-07 -4.11808e-07 -1.78987e-07 1.58114 1 0.3
-4.39444e-07 -3.91476e-16 -6.0823e-07 -1.01415e-15 -3.72195e-07 1.84568e-07 -3.72195e-07 -1.84568e-07 1.58114 1 0.34
-4.17994e-07 8.24751e-15 -6.07213e-07 -1.07572e-12 -3.30529e-07 1.86368e-07 -3.30529e-07 -1.86368e-07 1.58114 1 0.38
-3.93876e-07 2.36965e-14 -6.06053e-07 3.11933e-14 -2.8701e-07 1.84659e-07 -2.8701e-07 -1.84659e-07 1.58114 1 0.42
-3.66968e-07 6.04248e-16 -6.04735e-07 2.17815e-14 -2.41793e-07 1.79716e-07 -2.41793e-07 -1.79716e-07 1.58114 1 0.46
-3.37206e-07 4.62666e-17 -6.03357e-07 -1.34297e-16 -1.94994e-07 1.71854e-07 -1.94994e-07 -1.71854e-07 1.58114 1 0.5
-3.04518e-07 -3.47676e-17 -6.01857e-07 8.7542e-17 -1.46686e-07 1.61382e-07 -1.46686e-07 -1.61382e-07 1.58114 1 0.54
-2.68794e-07 3.7255e-15 -6.00249e-07 -1.55255e-15 -9.69067e-08 1.48637e-07 -9.69067e-08 -1.48637e-07 1.58114 1 0.58
-2.29959e-07 2.45908e-16 -5.98558e-07 5.38802e-16 -4.56659e-08 1.33962e-07 -4.56652e-08 -1.33962e-07 1.58114 1 0.62
-1.8792e-07 -3.7029e-15 -5.96783e-07 7.6765e-16 7.05001e-09 1.17725e-07 7.05001e-09 -1.17725e-07 1.58114 1 0.66
-1.42582e-07 2.66303e-20 -5.94887e-07 -1.3844e-13 6.12775e-08 1.00317e-07 6.12775e-08 -1.00317e-07 1.58114 1 0.7
-9.3848e-08 -3.30417e-20 -5.92914e-07 1.23352e-15 1.17076e-07 8.21666e-08 1.17076e-07 -8.21666e-08 1.58114 1 0.74
-4.16188e-08 -1.19497e-20 -5.90856e-07 1.46363e-15 1.74517e-07 6.37472e-08 1.74517e-07 -6.37472e-08 1.58114 1 0.78
-4.47588e-07 6.22154e-15 -4.31961e-07 -8.4664e-16 -4.26857e-07 1.1722e-08 -4.26857e-07 -1.1722e-08 2.50594 1 0.02
-4.43108e-07 -1.14419e-14 -4.31233e-07 -7.6599e-16 -4.15271e-07 3.29854e-08 -4.15271e-07 -3.29854e-08 2.50594 1 0.06
-4.37064e-07 2.66263e-15 -4.30702e-07 -6.89844e-16 -4.00416e-07 5.09369e-08 -4.00416e-07 -5.09369e-08 2.50594 1 0.1
-4.2937e-07 -6.91812e-14 -4.29804e-07 -6.24647e-16 -3.82737e-07 6.5743e-08 -3.82737e-07 -6.5743e-08 2.50594 1 0.14
-4.19955e-07 -4.83252e-14 -4.28621e-07 -1.78482e-13 -3.62639e-07 7.73807e-08 -3.62639e-07 -7.73807e-08 2.50594 1 0.18
-4.08766e-07 -3.44415e-16 -4.27194e-07 -4.86011e-16 -3.40438e-07 8.59799e-08 -3.40438e-07 -8.59799e-08 2.50594 1 0.22
-3.9573e-07 -4.47442e-14 -4.25585e-07 -3.26351e-14 -3.16441e-07 9.15804e-08 -3.16441e-07 -9.15804e-08 2.50594 1 0.26
-3.80797e-07 -2.04951e-13 -4.23771e-07 -5.797e-14 -2.90866e-07 9.43994e-08 -2.90866e-07 -9.43994e-08 2.50594 1 0.3
-3.63917e-07 -8.11551e-15 -4.21849e-07 3.01845e-14 -2.63885e-07 9.46409e-08 -2.63885e-07 -9.46409e-08 2.50594 1 0.34
-3.45048e-07 1.45982e-14 -4.19805e-07 -2.27577e-16 -2.35645e-07 9.25052e-08 -2.35645e-07 -9.25052e-08 2.50594 1 0.38
-3.24129e-07 1.0692e-16 -4.17652e-07 -1.63252e-16 -2.06243e-07 8.82137e-08 -2.06243e-07 -8.82137e-08 2.50594 1 0.42
-3.01105e-07 1.25615e-16 -4.15417e-07 -8.54887e-14 -1.75752e-07 8.1995e-08 -1.75752e-07 -8.1995e-08 2.50594 1 0.46
-2.75916e-07 2.76667e-15 -4.13085e-07 -1.27674e-14 -1.44208e-07 7.40999e-08 -1.44208e-07 -7.40999e-08 2.50594 1 0.5
-2.48507e-07 6.31062e-17 -4.10687e-07 7.56724e-14 -1.11626e-07 6.478e-08 -1.11626e-07 -6.478e-08 2.50594 1 0.54
-2.1882e-07 -1.68561e-14 -4.08189e-07 9.24019e-17 -7.7999e-08 5.42994e-08 -7.7999e-08 -5.42994e-08 2.50594 1 0.58
-1.86777e-07 1.5036e-15 -4.05614e-07 1.57913e-16 -4.33012e-08 4.2939e-08 -4.33012e-08 -4.2939e-08 2.50594 1 0.62
-1.52311e-07 -3.1788e-21 -4.0295e-07 3.44686e-14 -7.48978e-09 3.10015e-08 -7.48978e-09 -3.10015e-08 2.50594 1 0.66
-1.15355e-07 -2.39189e-21 -4.00205e-07 2.91487e-16 2.94921e-08 1.88166e-08 2.94921e-08 -1.88166e-08 2.50594 1 0.7
-7.58307e-08 1.14335e-22 -3.97358e-07 2.09479e-14 6.77143e-08 6.7557e-09 6.77143e-08 -6.7557e-09 2.50594 1 0.74
-3.36569e-08 4.41983e-19 -3.94434e-07 -1.7579e-14 1.07257e-07 -4.74696e-09 1.07257e-07 4.74696e-09 2.50594 1 0.78
-3.27452e-07 -2.70865e-16 -2.67891e-07 -2.42191e-16 -2.65019e-07 5.90409e-09 -2.65019e-07 -5.90409e-09 3.97164 1 0.02
-3.2274e-07 -4.72162e-15 -2.6687e-07 -2.18978e-16 -2.57046e-07 1.62283e-08 -2.57046e-07 -1.62283e-08 3.97164 1 0.06
-3.16977e-07 -3.10374e-16 -2.65552e-07 -3.03769e-15 -2.47368e-07 2.45804e-08 -2.47368e-07 -2.45804e-08 3.97164 1 0.1
-3.10103e-07 -4.36598e-18 -2.63989e-07 9.44372e-13 -2.36242e-07 3.09677e-08 -2.36242e-07 -3.09677e-08 3.97164 1 0.14
-3.02093e-07 -1.17821e-16 -2.62232e-07 -1.57227e-16 -2.23878e-07 3.54682e-08 -2.23878e-07 -3.54682e-08 3.97164 1 0.18
-2.92906e-07 -8.77747e-17 -2.60343e-07 -1.3783e-16 -2.10451e-07 3.81821e-08 -2.10451e-07 -3.81821e-08 3.97164 1 0.22
-2.82514e-07 1.55688e-15 -2.58331e-07 9.80874e-16 -1.96099e-07 3.92174e-08 -1.96099e-07 -3.92174e-08 3.97164 1 0.26
-2.70902e-07 -1.97238e-16 -2.56228e-07 -9.97574e-17 -1.80927e-07 3.87022e-08 -1.80927e-07 -3.87022e-08 3.97164 1 0.3
-2.58033e-07 5.15431e-20 -2.54056e-07 -8.10596e-17 -1.65007e-07 3.67839e-08 -1.65007e-07 -3.67839e-08 3.97164 1 0.34
-2.43874e-07 -1.36387e-17 -2.51811e-07 -6.25558e-17 -1.48402e-07 3.35969e-08 -1.48402e-07 -3.35969e-08 3.97164 1 0.38
-2.28402e-07 1.96699e-18 -2.49509e-07 -4.55937e-17 -1.31136e-07 2.92986e-08 -1.31136e-07 -2.92986e-08 3.97164 1 0.42
-2.11578e-07 4.68711e-17 -2.47145e-07 9.72269e-15 -1.13228e-07 2.40371e-08 -1.13228e-07 -2.40371e-08 3.97164 1 0.46
-1.93362e-07 4.90969e-17 -2.44731e-07 -4.82283e-14 -9.46733e-08 1.79729e-08 -9.46733e-08 -1.79729e-08 3.97164 1 0.5
-1.73716e-07 5.26952e-17 -2.42264e-07 5.93484e-15 -7.54559e-08 1.12729e-08 -7.54559e-08 -1.12729e-08 3.97164 1 0.54
-1.5259e-07 1.53288e-16 -2.39735e-07 -3.51282e-15 -5.55474e-08 4.11139e-09 -5.55474e-08 -4.11139e-09 3.97164 1 0.58
-1.29933e-07 2.06725e-16 -2.37147e-07 -1.22862e-14 -3.49085e-08 -3.32536e-09 -3.49085e-08 3.32536e-09 3.97164 1 0.62
-1.05693e-07 6.65563e-18 -2.34496e-07 -6.24477e-14 -1.34909e-08 -1.08337e-08 -1.34909e-08 1.08337e-08 3.97164 1 0.66
-7.98112e-08 -3.35975e-21 -2.3178e-07 5.69181e-15 8.76246e-09 -1.81845e-08 8.76246e-09 1.81845e-08 3.97164 1 0.7
-5.22268e-08 4.46116e-17 -2.28996e-07 1.04229e-16 3.19159e-08 -2.51128e-08 3.19159e-08 2.51128e-08 3.97164 1 0.74
-2.28728e-08 1.09042e-19 -2.26148e-07 8.16199e-15 5.60397e-08 -3.12982e-08 5.60397e-08 3.12982e-08 3.97164 1 0.78
-4.67835e-09 -1.61319e-20 -8.59341e-07 -2.96061e-13 3.51025e-07 2.64156e-07 3.51033e-07 -2.64157e-07 0.629463 1 0.80375
6.42405e-09 -8.06836e-19 -8.59505e-07 1.85589e-14 3.67493e-07 2.57768e-07 3.67502e-07 -2.57768e-07 0.629463 1 0.81125
1.76781e-08 -3.11274e-17 -8.59677e-07 -5.2256e-14 3.84036e-07 2.51267e-07 3.84041e-07 -2.51265e-07 0.629463 1 0.81875
2.90849e-08 -8.46908e-21 -8.59846e-07 1.95877e-14 4.00654e-07 2.44653e-07 4.00659e-07 -2.44651e-07 0.629463 1 0.82625
4.06455e-08 -4.6059e-16 -8.60003e-07 8.73763e-14 4.17345e-07 2.37917e-07 4.17352e-07 -2.37916e-07 0.629463 1 0.83375
5.23607e-08 -1.05335e-17 -8.60165e-07 -4.80978e-14 4.34116e-07 2.31065e-07 4.34112e-07 -2.3106e-07 0.629463 1 0.84125
6.42316e-08 5.39708e-18 -8.60301e-07 -4.63412e-14 4.50961e-07 2.24086e-07 4.5096e-07 -2.24084e-07 0.629463 1 0.84875
7.62588e-08 9.65946e-17 -8.6047e-07 2.16304e-14 4.67881e-07 2.16987e-07 4.67889e-07 -2.16987e-07 0.629463 1 0.85625
8.84433e-08 1.29494e-15 -8.60633e-07 2.21523e-14 4.84879e-07 2.09764e-07 4.84887e-07 -2.09765e-07 0.629463 1 0.86375
1.00786e-07 -3.28074e-16 -8.60795e-07 2.26757e-14 5.01955e-07 2.02409e-07 5.0196e-07 -2.02411e-07 0.629463 1 0.87125
1.13288e-07 4.55683e-16 -8.60949e-07 1.68626e-14 5.19111e-07 1.94914e-07 5.19116e-07 -1.94916e-07 0.629463 1 0.87875
1.25949e-07 1.72204e-15 -8.61106e-07 -8.2785e-14 5.36334e-07 1.87279e-07 5.36338e-07 -1.87283e-07 0.629463 1 0.88625
1.38772e-07 3.99106e-16 -8.6126e-07 1.9856e-13 5.5365e-07 1.79489e-07 5.53655e-07 -1.79493e-07 0.629463 1 0.89375
1.5175e-07 -7.51599e-16 -8.61412e-07 1.13054e-13 5.71037e-07 1.71537e-07 5.71037e-07 -1.71537e-07 0.629463 1 0.90125
1.649e-07 -2.75827e-15 -8.61566e-07 2.53081e-14 5.88515e-07 1.63415e-07 5.88514e-07 -1.63414e-07 0.629463 1 0.90875
1.78208e-07 -1.35507e-15 -8.61706e-07 2.58402e-14 6.06059e-07 1.55077e-07 6.06059e-07 -1.55077e-07 0.629463 1 0.91625
1.91683e-07 4.6784e-16 -8.61865e-07 -4.77901e-15 6.23697e-07 1.46532e-07 6.23697e-07 -1.46532e-07 0.629463 1 0.92375
2.05327e-07 -3.37584e-16 -8.62011e-07 2.69087e-14 6.41414e-07 1.3773e-07 6.41414e-07 -1.3773e-07 0.629463 1 0.93125
2.19129e-07 -1.69806e-15 -8.62147e-07 2.74452e-14 6.59218e-07 1.28629e-07 6.59218e-07 -1.28629e-07 0.629463 1 0.93875
2.33099e-07 1.6302e-15 -8.62294e-07 2.79832e-14 6.77116e-07 1.19187e-07 6.77116e-07 -1.19187e-07 0.629463 1 0.94625
-7.76733e-09 -3.66111e-17 -7.63083e-07 5.51523e-15 2.89355e-07 1.53562e-07 2.89355e-07 -1.53562e-07 0.997631 1 0.80375
3.73524e-09 -1.509e-21 -7.62964e-07 5.09392e-14 3.03675e-07 1.48525e-07 3.03675e-07 -1.48525e-07 0.997631 1 0.81125
1.5387e-08 9.77001e-17 -7.62848e-07 5.82604e-15 3.18068e-07 1.43454e-07 3.18068e-07 -1.43454e-07 0.997631 1 0.81875
2.71886e-08 -2.844e-18 -7.62729e-07 5.98206e-15 3.32535e-07 1.38352e-07 3.32535e-07 -1.38352e-07 0.997631 1 0.82625
3.91414e-08 -2.13879e-18 -7.62605e-07 6.13848e-15 3.4707e-07 1.33217e-07 3.4707e-07 -1.33217e-07 0.997631 1 0.83375
5.12456e-08 -2.65194e-18 -7.62477e-07 -8.38202e-14 3.61683e-07 1.28058e-07 3.61683e-07 -1.28058e-07 0.997631 1 0.84125
6.35026e-08 1.58326e-16 -7.62343e-07 6.45259e-15 3.76363e-07 1.22867e-07 3.76363e-07 -1.22867e-07 0.997631 1 0.84875
7.59128e-08 6.25339e-21 -7.62206e-07 6.72214e-15 3.9112e-07 1.1766e-07 3.9112e-07 -1.1766e-07 0.997631 1 0.85625
8.84776e-08 -5.25578e-16 -7.62076e-07 -3.2086e-14 4.05951e-07 1.12434e-07 4.05951e-07 -1.12434e-07 0.997631 1 0.86375
1.01197e-07 2.03623e-16 -7.61944e-07 -3.16723e-14 4.20858e-07 1.0719e-07 4.20858e-07 -1.0719e-07 0.997631 1 0.87125
1.14073e-07 -2.41967e-18 -7.61798e-07 7.08657e-15 4.35847e-07 1.0193e-07 4.35852e-07 -1.01922e-07 0.997631 1 0.87875
1.27105e-07 -2.88836e-16 -7.61659e-07 7.24597e-15 4.50902e-07 9.6654e-08 4.50905e-07 -9.6649e-08 0.997631 1 0.88625
1.40296e-07 -3.69693e-17 -7.61505e-07 2.56769e-13 4.66039e-07 9.13643e-08 4.6604e-07 -9.13594e-08 0.997631 1 0.89375
1.53643e-07 1.69756e-15 -7.61351e-07 1.30282e-14 4.81258e-07 8.60664e-08 4.81259e-07 -8.60606e-08 0.997631 1 0.90125
1.67151e-07 -1.13951e-15 -7.61206e-07 7.72682e-15 4.96561e-07 8.07614e-08 4.96559e-07 -8.07577e-08 0.997631 1 0.90875
1.80818e-07 -9.93157e-16 -7.61051e-07 1.43207e-14 5.11939e-07 7.54342e-08 5.11938e-07 -7.54273e-08 0.997631 1 0.91625
1.94644e-07 -4.62332e-15 -7.609e-07 1.20956e-13 5.27396e-07 7.00991e-08 5.27393e-07 -7.00991e-08 0.997631 1 0.92375
2.08635e-07 1.08609e-15 -7.6074e-07 9.55858e-15 5.42938e-07 6.47414e-08 5.42934e-07 -6.47412e-08 0.997631 1 0.93125
2.22785e-07 -2.06075e-15 -7.60568e-07 8.37419e-15 5.5857e-07 5.93521e-08 5.5857e-07 -5.93521e-08 0.997631 1 0.93875
2.37101e-07 3.80917e-14 -7.60408e-07 2.95931e-14 5.74292e-07 5.39342e-08 5.74292e-07 -5.39342e-08 0.997631 1 0.94625
-8.911e-09 -5.787e-21 -5.89581e-07 -7.30966e-15 2.09438e-07 5.29031e-08 2.09438e-07 -5.29031e-08 1.58114 1 0.80375
1.68458e-09 1.19368e-19 -5.89171e-07 5.49684e-14 2.20595e-07 4.95199e-08 2.20595e-07 -4.95199e-08 1.58114 1 0.81125
1.24098e-08 3.58124e-21 -5.88768e-07 1.69589e-15 2.31816e-07 4.61663e-08 2.31816e-07 -4.61663e-08 1.58114 1 0.81875
2.32648e-08 -4.7665e-18 -5.88349e-07 1.74132e-15 2.43102e-07 4.28426e-08 2.43102e-07 -4.28426e-08 1.58114 1 0.82625
3.42508e-08 8.81694e-17 -5.87933e-07 1.78686e-15 2.5445e-07 3.95553e-08 2.5445e-07 -3.95553e-08 1.58114 1 0.83375
4.53682e-08 -1.54481e-16 -5.87509e-07 6.19792e-14 2.65867e-07 3.63119e-08 2.65867e-07 -3.63119e-08 1.58114 1 0.84125
5.66181e-08 1.47969e-20 -5.87079e-07 -8.99153e-14 2.77348e-07 3.31131e-08 2.77348e-07 -3.31131e-08 1.58114 1 0.84875
6.80012e-08 -7.053e-19 -5.86651e-07 -6.7177e-15 2.88899e-07 2.99711e-08 2.88899e-07 -2.99711e-08 1.58114 1 0.85625
7.9518e-08 -9.71714e-24 -5.8622e-07 1.97027e-15 3.00517e-07 2.68866e-08 3.00517e-07 -2.68866e-08 1.58114 1 0.86375
9.11689e-08 -7.34153e-21 -5.85784e-07 2.01642e-15 3.12204e-07 2.38726e-08 3.12204e-07 -2.38726e-08 1.58114 1 0.87125
1.02955e-07 1.05104e-15 -5.85342e-07 2.0627e-15 3.23963e-07 2.09287e-08 3.23963e-07 -2.09287e-08 1.58114 1 0.87875
1.14877e-07 8.48312e-21 -5.84907e-07 2.40331e-14 3.35788e-07 1.80686e-08 3.35788e-07 -1.80686e-08 1.58114 1 0.88625
1.26938e-07 -8.31881e-16 -5.84453e-07 2.15565e-15 3.47687e-07 1.52987e-08 3.47687e-07 -1.52987e-08 1.58114 1 0.89375
1.39133e-07 2.87273e-16 -5.83999e-07 2.20231e-15 3.59659e-07 1.26266e-08 3.59659e-07 -1.26266e-08 1.58114 1 0.90125
1.51468e-07 -2.00595e-16 -5.83547e-07 -1.1399e-13 3.71702e-07 1.00682e-08 3.71702e-07 -1.00682e-08 1.58114 1 0.90875
1.63942e-07 1.41928e-16 -5.83084e-07 5.27304e-14 3.8382e-07 7.62677e-09 3.8382e-07 -7.62677e-09 1.58114 1 0.91625
1.76555e-07 3.7759e-15 -5.82634e-07 2.34307e-15 3.96011e-07 5.32986e-09 3.96011e-07 -5.32987e-09 1.58114 1 0.92375
1.89309e-07 -3.39968e-17 -5.82169e-07 -6.85026e-14 4.08278e-07 3.17929e-09 4.08278e-07 -3.17929e-09 1.58114 1 0.93125
2.02204e-07 3.89148e-17 -5.81694e-07 1.45365e-14 4.20613e-07 1.19685e-09 4.20613e-07 -1.19685e-09 1.58114 1 0.93875
2.15237e-07 -4.33446e-15 -5.81227e-07 2.485e-15 4.33036e-07 -5.95721e-10 4.33036e-07 5.95721e-10 1.58114 1 0.94625
-7.32776e-09 -2.0988e-21 -3.92641e-07 3.89355e-14 1.31398e-07 -1.11009e-08 1.31398e-07 1.11009e-08 2.50594 1 0.80375
1.1895e-09 -1.38003e-22 -3.9207e-07 2.59536e-16 1.39128e-07 -1.30085e-08 1.39128e-07 1.30085e-08 2.50594 1 0.81125
9.8054e-09 2.36221e-18 -3.91499e-07 4.95922e-16 1.4691e-07 -1.48574e-08 1.4691e-07 1.48574e-08 2.50594 1 0.81875
1.85201e-08 2.47893e-19 -3.90919e-07 5.09099e-16 1.54745e-07 -1.66454e-08 1.54745e-07 1.66454e-08 2.50594 1 0.82625
2.73344e-08 8.70895e-21 -3.9034e-07 4.33345e-15 1.62633e-07 -1.83671e-08 1.62633e-07 1.83671e-08 2.50594 1 0.83375
3.62491e-08 3.85329e-22 -3.89755e-07 1.44904e-14 1.70576e-07 -2.00165e-08 1.70576e-07 2.00165e-08 2.50594 1 0.84125
4.52648e-08 -4.0942e-21 -3.89167e-07 1.6636e-14 1.78573e-07 -2.15893e-08 1.78573e-07 2.15893e-08 2.50594 1 0.84875
5.43817e-08 9.03584e-17 -3.88576e-07 5.62155e-16 1.86626e-07 -2.30759e-08 1.86626e-07 2.30759e-08 2.50594 1 0.85625
6.36007e-08 -4.72176e-16 -3.87986e-07 5.75507e-16 1.94739e-07 -2.44683e-08 1.94739e-07 2.44683e-08 2.50594 1 0.86375
7.29235e-08 2.07482e-19 -3.87387e-07 5.87351e-16 2.02906e-07 -2.57605e-08 2.02906e-07 2.57605e-08 2.50594 1 0.87125
8.23481e-08 2.50879e-21 -3.86785e-07 6.00776e-16 2.11131e-07 -2.69437e-08 2.11131e-07 2.69437e-08 2.50594 1 0.87875
9.18766e-08 1.1704e-21 -3.86177e-07 6.14239e-16 2.19414e-07 -2.80064e-08 2.19414e-07 2.80064e-08 2.50594 1 0.88625
1.0151e-07 -2.74898e-21 -3.85574e-07 7.72654e-15 2.27755e-07 -2.89366e-08 2.27755e-07 2.89366e-08 2.50594 1 0.89375
1.11248e-07 -2.76565e-16 -3.84957e-07 6.41025e-16 2.36158e-07 -2.97265e-08 2.36158e-07 2.97265e-08 2.50594 1 0.90125
1.21094e-07 1.2372e-16 -3.84342e-07 6.54597e-16 2.4462e-07 -3.03565e-08 2.4462e-07 3.03565e-08 2.50594 1 0.90875
1.31044e-07 3.55104e-16 -3.83721e-07 6.68208e-16 2.53143e-07 -3.08105e-08 2.53143e-07 3.08105e-08 2.50594 1 0.91625
1.41104e-07 1.52976e-15 -3.83103e-07 6.81856e-16 2.61729e-07 -3.10691e-08 2.61729e-07 3.10691e-08 2.50594 1 0.92375
1.51267e-07 1.92829e-15 -3.82478e-07 -2.00728e-14 2.70381e-07 -3.11062e-08 2.70381e-07 3.11062e-08 2.50594 1 0.93125
1.61541e-07 -1.14198e-15 -3.81847e-07 2.58382e-14 2.79095e-07 -3.08959e-08 2.79095e-07 3.08959e-08 2.50594 1 0.93875
1.71924e-07 -1.33384e-16 -3.81215e-07 -5.66354e-14 2.87872e-07 -3.04024e-08 2.87872e-07 3.04024e-08 2.50594 1 0.94625
-4.5783e-09 -8.38099e-18 -2.24424e-07 5.20665e-14 7.08537e-08 -3.44569e-08 7.08537e-08 3.44569e-08 3.97164 1 0.80375
1.33589e-09 -2.20562e-19 -2.23874e-07 1.39508e-16 7.56111e-08 -3.53535e-08 7.56111e-08 3.53535e-08 3.97164 1 0.81125
7.31685e-09 1.60495e-19 -2.2332e-07 -6.34991e-15 8.04076e-08 -3.61963e-08 8.04076e-08 3.61963e-08 3.97164 1 0.81875
1.33648e-08 1.88818e-17 -2.22764e-07 5.29506e-14 8.52444e-08 -3.69805e-08 8.52444e-08 3.69805e-08 3.97164 1 0.82625
1.94805e-08 1.41004e-19 -2.22206e-07 -1.89681e-15 9.01198e-08 -3.77015e-08 9.01198e-08 3.77015e-08 3.97164 1 0.83375
2.56642e-08 -7.86798e-17 -2.21646e-07 6.75237e-15 9.50374e-08 -3.8353e-08 9.50374e-08 3.8353e-08 3.97164 1 0.84125
3.19167e-08 5.12719e-20 -2.2108e-07 1.58414e-16 9.99955e-08 -3.89335e-08 9.99955e-08 3.89335e-08 3.97164 1 0.84875
3.82383e-08 5.83434e-18 -2.20515e-07 1.44076e-16 1.04994e-07 -3.94362e-08 1.04994e-07 3.94362e-08 3.97164 1 0.85625
4.46298e-08 1.75393e-21 -2.19945e-07 5.90018e-16 1.10039e-07 -3.9852e-08 1.10039e-07 3.9852e-08 3.97164 1 0.86375
5.10912e-08 3.58118e-17 -2.19377e-07 -2.14829e-16 1.15123e-07 -4.01764e-08 1.15123e-07 4.01764e-08 3.97164 1 0.87125
5.76235e-08 -1.25339e-21 -2.18803e-07 1.03015e-14 1.20254e-07 -4.04008e-08 1.20254e-07 4.04008e-08 3.97164 1 0.87875
6.42272e-08 6.21284e-17 -2.18229e-07 1.77593e-16 1.25429e-07 -4.05127e-08 1.25429e-07 4.05127e-08 3.97164 1 0.88625
7.09026e-08 -6.05001e-22 -2.1765e-07 -2.01633e-16 1.30644e-07 -4.05084e-08 1.30644e-07 4.05084e-08 3.97164 1 0.89375
7.76505e-08 2.40038e-15 -2.17067e-07 1.34525e-14 1.3591e-07 -4.03753e-08 1.3591e-07 4.03753e-08 3.97164 1 0.90125
8.44707e-08 -4.28319e-22 -2.16485e-07 1.89215e-16 1.41222e-07 -4.00961e-08 1.41222e-07 4.00961e-08 3.97164 1 0.90875
9.13653e-08 -6.34984e-16 -2.15899e-07 -1.19989e-15 1.46578e-07 -3.96598e-08 1.46578e-07 3.96598e-08 3.97164 1 0.91625
9.83337e-08 -3.16292e-18 -2.15309e-07 -1.70077e-14 1.51983e-07 -3.90465e-08 1.51983e-07 3.90465e-08 3.97164 1 0.92375
1.05377e-07 -2.72785e-18 -2.14719e-07 7.23781e-15 1.57436e-07 -3.82338e-08 1.57436e-07 3.82338e-08 3.97164 1 0.93125
1.12495e-07 -7.42769e-15 -2.14126e-07 2.04855e-16 1.62937e-07 -3.71933e-08 1.62937e-07 3.71933e-08 3.97164 1 0.93875
1.19688e-07 1.51577e-16 -2.13526e-07 2.08793e-16 1.6849e-07 -3.589e-08 1.6849e-07 3.589e-08 3.97164 1 0.94625
2.42517e-07 1.74316e-16 -8.62392e-07 2.82124e-14 6.89084e-07 1.12659e-07 6.89084e-07 -1.12659e-07 0.629463 1 0.95125
2.47248e-07 1.49487e-20 -8.62446e-07 -1.64471e-14 6.95084e-07 1.09311e-07 6.95084e-07 -1.09311e-07 0.629463 1 0.95375
2.51994e-07 2.86131e-15 -8.62492e-07 6.72069e-14 7.01107e-07 1.05912e-07 7.01107e-07 -1.05912e-07 0.629463 1 0.95625
2.56763e-07 -1.84051e-20 -8.62537e-07 7.44378e-14 7.0713e-07 1.02434e-07 7.0713e-07 -1.02434e-07 0.629463 1 0.95875
2.61553e-07 -3.3483e-15 -8.62577e-07 -1.67564e-14 7.13157e-07 9.88889e-08 7.13157e-07 -9.88889e-08 0.629463 1 0.96125
2.66363e-07 2.86891e-20 -8.62633e-07 2.92444e-14 7.19193e-07 9.52597e-08 7.19193e-07 -9.52597e-08 0.629463 1 0.96375
2.71188e-07 -1.04547e-20 -8.62681e-07 8.99954e-15 7.25233e-07 9.1548e-08 7.25233e-07 -9.1548e-08 0.629463 1 0.96625
2.76031e-07 6.91812e-16 -8.62728e-07 -4.02552e-14 7.31289e-07 8.77239e-08 7.31289e-07 -8.77239e-08 0.629463 1 0.96875
2.80895e-07 -1.07343e-14 -8.62781e-07 3.98251e-14 7.37354e-07 8.37936e-08 7.37354e-07 -8.37936e-08 0.629463 1 0.97125
2.85778e-07 -4.44495e-15 -8.62827e-07 -1.20538e-13 7.43423e-07 7.97334e-08 7.43423e-07 -7.97334e-08 0.629463 1 0.97375
2.90684e-07 1.31008e-16 -8.62867e-07 3.01503e-14 7.49507e-07 7.5512e-08 7.49507e-07 -7.5512e-08 0.629463 1 0.97625
2.95606e-07 8.4253e-18 -8.62908e-07 3.0332e-14 7.55612e-07 7.11216e-08 7.55612e-07 -7.11216e-08 0.629463 1 0.97875
3.00547e-07 -1.3222e-20 -8.62895e-07 3.74559e-14 7.61713e-07 6.65186e-08 7.61713e-07 -6.65186e-08 0.629463 1 0.98125
3.05509e-07 5.05407e-18 -8.6295e-07 5.05093e-14 7.67821e-07 6.16502e-08 7.67821e-07 -6.16502e-08 0.629463 1 0.98375
3.10488e-07 5.43762e-18 -8.62993e-07 4.35647e-14 7.73959e-07 5.64612e-08 7.73959e-07 -5.64612e-08 0.629463 1 0.98625
3.15487e-07 -3.61546e-18 -8.63038e-07 1.89928e-13 7.80093e-07 5.08386e-08 7.80093e-07 -5.08386e-08 0.629463 1 0.98875
3.20507e-07 7.2488e-18 -8.63083e-07 2.31376e-14 7.86228e-07 4.46294e-08 7.86228e-07 -4.46294e-08 0.629463 1 0.99125
3.25542e-07 -3.82311e-15 -8.63123e-07 3.14257e-14 7.92398e-07 3.75408e-08 7.92398e-07 -3.75408e-08 0.629463 1 0.99375
3.30597e-07 3.48457e-20 -8.63167e-07 3.99526e-14 7.98553e-07 2.89388e-08 7.98553e-07 -2.89388e-08 0.629463 1 0.99625
3.35674e-07 1.08286e-17 -8.6321e-07 3.17917e-14 8.04727e-07 1.66277e-08 8.04727e-07 -1.66277e-08 0.629463 1 0.99875
2.46736e-07 -3.6817e-15 -7.60294e-07 8.64608e-15 5.84821e-07 5.029e-08 5.84821e-07 -5.029e-08 0.997631 1 0.95125
2.5158e-07 2.75672e-15 -7.60237e-07 3.71247e-13 5.90097e-07 4.84581e-08 5.90097e-07 -4.84581e-08 0.997631 1 0.95375
2.5644e-07 1.36123e-15 -7.60179e-07 8.75519e-15 5.95385e-07 4.6614e-08 5.95385e-07 -4.6614e-08 0.997631 1 0.95625
2.61322e-07 2.25399e-15 -7.60119e-07 3.69238e-15 6.0068e-07 4.47601e-08 6.0068e-07 -4.47601e-08 0.997631 1 0.95875
2.66222e-07 5.39599e-15 -7.60059e-07 1.35217e-14 6.05985e-07 4.28829e-08 6.05985e-07 -4.28829e-08 0.997631 1 0.96125
2.71146e-07 6.60431e-15 -7.60004e-07 8.90404e-15 6.11296e-07 4.09948e-08 6.11296e-07 -4.09948e-08 0.997631 1 0.96375
2.76082e-07 5.3309e-15 -7.59946e-07 8.95883e-15 6.1662e-07 3.90896e-08 6.1662e-07 -3.90896e-08 0.997631 1 0.96625
2.81035e-07 5.60293e-15 -7.59887e-07 9.01367e-15 6.21955e-07 3.71643e-08 6.21955e-07 -3.71643e-08 0.997631 1 0.96875
2.86013e-07 -2.44059e-15 -7.5983e-07 9.06856e-15 6.27284e-07 3.52085e-08 6.27284e-07 -3.52085e-08 0.997631 1 0.97125
2.91006e-07 4.31684e-15 -7.59771e-07 -1.35258e-14 6.32627e-07 3.32261e-08 6.32627e-07 -3.32261e-08 0.997631 1 0.97375
2.96019e-07 2.70829e-15 -7.59707e-07 9.1785e-15 6.37991e-07 3.11996e-08 6.37991e-07 -3.11996e-08 0.997631 1 0.97625
3.0105e-07 7.25214e-16 -7.60731e-07 9.23355e-15 6.43364e-07 2.91309e-08 6.43364e-07 -2.91309e-08 0.997631 1 0.97875
3.061e-07 3.07266e-15 -7.5959e-07 5.49495e-14 6.48728e-07 2.70052e-08 6.48728e-07 -2.70052e-08 0.997631 1 0.98125
3.11171e-07 -4.10395e-16 -7.59636e-07 3.00247e-14 6.54109e-07 2.48059e-08 6.54109e-07 -2.48059e-08 0.997631 1 0.98375
3.16258e-07 -1.88854e-15 -7.59476e-07 9.39901e-15 6.59505e-07 2.25041e-08 6.59505e-07 -2.25041e-08 0.997631 1 0.98625
3.21362e-07 3.5986e-15 -7.59399e-07 9.45426e-15 6.64922e-07 2.00781e-08 6.64922e-07 -2.00781e-08 0.997631 1 0.98875
3.26487e-07 -4.18014e-17 -7.5934e-07 9.50957e-15 6.70332e-07 1.7443e-08 6.70332e-07 -1.7443e-08 0.997631 1 0.99125
3.3163e-07 4.16983e-15 -7.59279e-07 3.61871e-13 6.7576e-07 1.45333e-08 6.7576e-07 -1.45333e-08 0.997631 1 0.99375
3.36793e-07 4.90695e-15 -7.59215e-07 3.08103e-14 6.81208e-07 1.10938e-08 6.81208e-07 -1.10938e-08 0.997631 1 0.99625
3.41988e-07 1.62107e-14 -7.59155e-07 9.67582e-15 6.8665e-07 6.30977e-09 6.8665e-07 -6.30977e-09 0.997631 1 0.99875
2.24009e-07 3.99121e-16 -5.80906e-07 2.51671e-15 4.41363e-07 -1.67117e-09 4.41363e-07 1.67117e-09 1.58114 1 0.95125
2.28419e-07 1.76632e-16 -5.8075e-07 2.53258e-15 4.45532e-07 -2.16759e-09 4.45532e-07 2.16759e-09 1.58114 1 0.95375
2.32843e-07 1.71223e-16 -5.80592e-07 4.21354e-15 4.49716e-07 -2.63438e-09 4.49716e-07 2.63438e-09 1.58114 1 0.95625
2.37283e-07 9.89416e-17 -5.80435e-07 2.56437e-15 4.53908e-07 -3.06872e-09 4.53908e-07 3.06872e-09 1.58114 1 0.95875
2.4174e-07 -4.74749e-15 -5.8027e-07 3.59158e-15 4.5811e-07 -3.48002e-09 4.5811e-07 3.48002e-09 1.58114 1 0.96125
2.46213e-07 -5.42653e-15 -5.80112e-07 -2.62094e-14 4.62319e-07 -3.85471e-09 4.62319e-07 3.85471e-09 1.58114 1 0.96375
2.50703e-07 4.65641e-16 -5.79949e-07 2.61217e-15 4.6654e-07 -4.18907e-09 4.6654e-07 4.18907e-09 1.58114 1 0.96625
2.55208e-07 1.59391e-14 -5.79786e-07 -4.36249e-14 4.70767e-07 -4.48645e-09 4.70767e-07 4.48645e-09 1.58114 1 0.96875
2.59729e-07 7.06269e-15 -5.79625e-07 6.30298e-14 4.75003e-07 -4.74293e-09 4.75003e-07 4.74293e-09 1.58114 1 0.97125
2.64272e-07 2.51608e-16 -5.79466e-07 -1.7338e-13 4.79245e-07 -4.95376e-09 4.79245e-07 4.95376e-09 1.58114 1 0.97375
2.68828e-07 -6.04165e-15 -5.79294e-07 2.19809e-14 4.83509e-07 -5.11717e-09 4.83509e-07 5.11717e-09 1.58114 1 0.97625
2.73399e-07 8.47144e-16 -5.79131e-07 2.83437e-14 4.87778e-07 -5.21719e-09 4.87766e-07 5.22216e-09 1.58114 1 0.97875
2.77985e-07 -3.08802e-16 -5.78967e-07 2.70846e-15 4.92051e-07 -5.26435e-09 4.92051e-07 5.26435e-09 1.58114 1 0.98125
2.82588e-07 5.83394e-16 -5.78816e-07 1.3746e-14 4.96334e-07 -5.23684e-09 4.96334e-07 5.23684e-09 1.58114 1 0.98375
2.87207e-07 8.39396e-16 -5.78651e-07 2.74058e-15 5.00628e-07 -5.1316e-09 5.00628e-07 5.1316e-09 1.58114 1 0.98625
2.91842e-07 4.46708e-16 -5.78487e-07 2.75666e-15 5.04919e-07 -4.9252e-09 5.04919e-07 4.9252e-09 1.58114 1 0.98875
2.96497e-07 -7.35076e-17 -5.78311e-07 2.77276e-15 5.09227e-07 -4.60238e-09 5.09227e-07 4.60238e-09 1.58114 1 0.99125
3.01155e-07 1.03816e-15 -5.78152e-07 6.26808e-14 5.13544e-07 -4.1016e-09 5.13544e-07 4.1016e-09 1.58114 1 0.99375
3.05837e-07 3.62721e-16 -5.7798e-07 1.73731e-14 5.17879e-07 -3.34521e-09 5.17879e-07 3.34521e-09 1.58114 1 0.99625
3.1055e-07 -3.83088e-14 -5.77821e-07 2.82115e-15 5.22215e-07 -2.02625e-09 5.22215e-07 2.02625e-09 1.58114 1 0.99875
1.78909e-07 -2.05589e-16 -3.80789e-07 3.18399e-14 2.93763e-07 -2.98887e-08 2.93763e-07 2.98887e-08 2.50594 1 0.95125
1.82419e-07 -1.15786e-15 -3.80579e-07 1.86654e-14 2.96716e-07 -2.95694e-08 2.96716e-07 2.95694e-08 2.50594 1 0.95375
1.85941e-07 -1.70909e-16 -3.80365e-07 3.45765e-14 2.9968e-07 -2.92037e-08 2.9968e-07 2.92037e-08 2.50594 1 0.95625
1.89476e-07 -5.72534e-17 -3.80152e-07 7.46049e-16 3.02649e-07 -2.87924e-08 3.02649e-07 2.87924e-08 2.50594 1 0.95875
1.93022e-07 5.13887e-17 -3.79936e-07 -4.01063e-15 3.05628e-07 -2.83309e-08 3.05628e-07 2.83309e-08 2.50594 1 0.96125
1.96582e-07 -9.06823e-15 -3.79724e-07 -5.16284e-14 3.0861e-07 -2.78147e-08 3.0861e-07 2.78147e-08 2.50594 1 0.96375
2.00154e-07 2.81534e-15 -3.79509e-07 -3.5298e-15 3.11604e-07 -2.72375e-08 3.11604e-07 2.72375e-08 2.50594 1 0.96625
2.03737e-07 -3.28277e-16 -3.79295e-07 7.64544e-16 3.14604e-07 -2.65929e-08 3.14604e-07 2.65929e-08 2.50594 1 0.96875
2.07333e-07 -1.58202e-15 -3.79079e-07 7.69179e-16 3.17615e-07 -2.58783e-08 3.17615e-07 2.58783e-08 2.50594 1 0.97125
2.10942e-07 -9.25013e-16 -3.78863e-07 1.50449e-15 3.20627e-07 -2.50819e-08 3.20627e-07 2.50819e-08 2.50594 1 0.97375
2.14562e-07 3.74484e-17 -3.78644e-07 7.78461e-16 3.23647e-07 -2.41986e-08 3.23647e-07 2.41986e-08 2.50594 1 0.97625
2.18196e-07 9.81373e-15 -3.78425e-07 -7.52151e-16 3.2668e-07 -2.32145e-08 3.2668e-07 2.32145e-08 2.50594 1 0.97875
2.21843e-07 2.99851e-15 -3.7821e-07 7.8776e-16 3.2972e-07 -2.21098e-08 3.2972e-07 2.21098e-08 2.50594 1 0.98125
2.25501e-07 -1.0284e-16 -3.77995e-07 6.06278e-16 3.32762e-07 -2.08673e-08 3.32762e-07 2.08673e-08 2.50594 1 0.98375
2.29172e-07 -3.35397e-16 -3.77779e-07 -1.54481e-14 3.35816e-07 -1.9458e-08 3.35813e-07 1.94577e-08 2.50594 1 0.98625
2.32855e-07 -4.25863e-16 -3.77563e-07 8.01744e-16 3.38882e-07 -1.7835e-08 3.38882e-07 1.7835e-08 2.50594 1 0.98875
2.36552e-07 5.09625e-15 -3.77342e-07 8.06413e-16 3.41946e-07 -1.59423e-08 3.41946e-07 1.59423e-08 2.50594 1 0.99125
2.40261e-07 -8.86176e-16 -3.77119e-07 8.11087e-16 3.4502e-07 -1.36551e-08 3.4502e-07 1.36551e-08 2.50594 1 0.99375
2.43983e-07 -4.70708e-16 -3.76899e-07 -1.10924e-14 3.48112e-07 -1.07206e-08 3.48112e-07 1.07206e-08 2.50594 1 0.99625
2.47717e-07 -7.16131e-16 -3.76684e-07 1.33241e-14 3.51203e-07 -6.26718e-09 3.51203e-07 6.26718e-09 2.50594 1 0.99875
1.24527e-07 -5.94702e-16 -2.13128e-07 2.76007e-15 1.7222e-07 -3.48507e-08 1.7222e-07 3.48507e-08 3.97164 1 0.95125
1.2696e-07 -7.07052e-17 -2.12929e-07 -5.79954e-15 1.74092e-07 -3.42739e-08 1.74092e-07 3.42739e-08 3.97164 1 0.95375
1.29399e-07 -2.21587e-18 -2.12729e-07 -2.4068e-14 1.75969e-07 -3.36549e-08 1.75969e-07 3.36549e-08 3.97164 1 0.95625
1.31849e-07 -4.15014e-17 -2.12529e-07 -5.82814e-15 1.77853e-07 -3.29907e-08 1.77853e-07 3.29907e-08 3.97164 1 0.95875
1.34307e-07 9.64867e-18 -2.12327e-07 2.16698e-16 1.79743e-07 -3.22813e-08 1.79743e-07 3.22813e-08 3.97164 1 0.96125
1.36772e-07 -9.92899e-17 -2.12128e-07 2.1802e-16 1.81637e-07 -3.15183e-08 1.81637e-07 3.15183e-08 3.97164 1 0.96375
1.39246e-07 3.21049e-16 -2.11925e-07 -2.83188e-14 1.83541e-07 -3.06984e-08 1.83541e-07 3.06984e-08 3.97164 1 0.96625
1.4173e-07 4.01906e-16 -2.11725e-07 2.20016e-16 1.85447e-07 -2.9815e-08 1.85447e-07 2.9815e-08 3.97164 1 0.96875
1.44223e-07 -2.84325e-17 -2.11522e-07 -1.6949e-15 1.87357e-07 -2.88641e-08 1.87357e-07 2.88641e-08 3.97164 1 0.97125
1.46723e-07 1.85596e-16 -2.11318e-07 2.22671e-16 1.89279e-07 -2.78364e-08 1.89279e-07 2.78364e-08 3.97164 1 0.97375
1.49233e-07 6.93553e-16 -2.11116e-07 2.23999e-16 1.91204e-07 -2.67218e-08 1.91204e-07 2.67218e-08 3.97164 1 0.97625
1.51751e-07 6.39068e-15 -2.10913e-07 2.25329e-16 1.93124e-07 -2.55108e-08 1.93124e-07 2.55108e-08 3.97164 1 0.97875
1.54279e-07 -1.63347e-16 -2.1071e-07 2.2666e-16 1.95061e-07 -2.41808e-08 1.95061e-07 2.41808e-08 3.97164 1 0.98125
1.56814e-07 -9.0128e-17 -2.10507e-07 2.27993e-16 1.97005e-07 -2.27137e-08 1.97005e-07 2.27137e-08 3.97164 1 0.98375
1.59359e-07 3.40934e-17 -2.10304e-07 2.29327e-16 1.98952e-07 -2.1082e-08 1.98952e-07 2.1082e-08 3.97164 1 0.98625
1.61912e-07 -2.86149e-15 -2.10099e-07 2.30661e-16 2.00905e-07 -1.92382e-08 2.00905e-07 1.92382e-08 3.97164 1 0.98875
1.64475e-07 -9.04125e-16 -2.09895e-07 6.62377e-15 2.02866e-07 -1.71207e-08 2.02866e-07 1.71207e-08 3.97164 1 0.99125
1.67047e-07 1.11055e-16 -2.0969e-07 2.33335e-16 2.04833e-07 -1.45968e-08 2.04833e-07 1.45968e-08 3.97164 1 0.99375
1.69627e-07 1.01748e-16 -2.09484e-07 -1.74253e-15 2.06808e-07 -1.14072e-08 2.06808e-07 1.14072e-08 3.97164 1 0.99625
1.72215e-07 2.60718e-15 -2.09277e-07 2.36014e-16 2.08785e-07 -6.64239e-09 2.08785e-07 6.64239e-09 3.97164 1 0.99875